args_n args_k args_L args_iterations args_curve  net_file_size_bytes  runtime_setup_seconds runtime_file_generation_seconds  runtime_all_column_commitments_seconds runtime_per_column_commitment_seconds runtime_all_row_encodings_seconds runtime_per_row_encoding_seconds runtime_all_chunk_verifications_seconds runtime_per_chunk_verification_seconds  runtime_all_downloaded_chunk_verifications_seconds runtime_per_downloaded_chunk_verification_seconds runtime_all_row_decodings_seconds runtime_per_row_decoding_seconds runtime_prepare_decoding_seconds  num_column_commitments num_row_encodings num_chunk_verifications num_downloaded_chunk_verifications num_row_decodings  size_file_uncoded_bytes size_column_commitments_bytes size_file_coded_bytes  scenario_disperse_runtime_client_seconds scenario_disperse_runtime_node_seconds scenario_disperse_communication_bytes scenario_disperse_storage_bytes  scenario_retrieve_runtime_client_seconds  scenario_sampling_num_openings scenario_sampling_runtime_prover_seconds scenario_sampling_runtime_verifier_seconds scenario_sampling_runtime_proof_size_bytes   ### columns
128 43 512 1 bls12-381  699008  0.125959 0.002616  2.406200 0.055958 0.086937 0.000170 9.460539 0.073910  3.218101 0.074840 0.075177 0.000147 0.040280  43 512 128 43 512  704512 4472 2097152  2.493137 0.073910 2669568 2669568  3.333558  43 0.057655 0.009024 4624
256 85 512 1 bls12-381  1381760  0.124095 0.004693  4.745660 0.055831 0.142916 0.000279 24.122569 0.094229  8.072254 0.094968 0.290964 0.000568 0.201202  85 512 256 85 512  1392640 8840 4194304  4.888576 0.094229 6457344 6457344  8.564420  85 0.057880 0.009004 8992
512 171 512 1 bls12-381  2779776  0.127740 0.007821  10.592891 0.061947 0.258766 0.000505 71.546455 0.139739  23.917682 0.139869 1.278719 0.002497 1.163763  171 512 512 171 512  2801664 17784 8388608  10.851657 0.139739 17494016 17494016  26.360164  171 0.060572 0.010990 17936
1024 341 512 1 bls12-381  5543296  0.125724 0.016082  21.070532 0.061790 0.508752 0.000994 230.126654 0.224733  76.676219 0.224857 5.489991 0.010723 7.391237  341 512 1024 341 512  5586944 35464 16777216  21.579284 0.224733 53092352 53092352  89.557446  341 0.060522 0.010778 35616
128 43 1024 1 bls12-381  1398016  0.201304 0.004700  3.660867 0.085136 0.160732 0.000157 13.098762 0.102334  4.386040 0.102001 0.150875 0.000147 0.040826  43 1024 128 43 1024  1409024 4472 4194304  3.821600 0.102334 4766720 4766720  4.577741  43 0.086541 0.009036 4624
256 85 1024 1 bls12-381  2763520  0.202911 0.009688  7.208252 0.084803 0.286745 0.000280 31.575447 0.123342  10.449144 0.122931 0.581463 0.000568 0.200596  85 1024 256 85 1024  2785280 8840 8388608  7.494998 0.123342 10651648 10651648  11.231203  85 0.086803 0.009097 8992
512 171 1024 1 bls12-381  5559552  0.205752 0.017577  16.016911 0.093666 0.513378 0.000501 87.381027 0.170666  29.050287 0.169885 2.558648 0.002499 1.159635  171 1024 512 171 1024  5603328 17784 16777216  16.530289 0.170666 25882624 25882624  32.768570  171 0.090360 0.010665 17936
1024 341 1024 1 bls12-381  11086592  0.203363 0.036510  28.940884 0.084871 1.054768 0.001030 257.701747 0.251662  85.742357 0.251444 10.678765 0.010428 7.393878  341 1024 1024 341 1024  11173888 35464 33554432  29.995651 0.251662 69869568 69869568  103.815000  341 0.086686 0.009417 35616
128 43 2048 1 bls12-381  2796032  0.334709 0.009599  6.481979 0.150744 0.331292 0.000162 22.327972 0.174437  7.531775 0.175158 0.301066 0.000147 0.040533  43 2048 128 43 2048  2818048 4472 8388608  6.813271 0.174437 8961024 8961024  7.873374  43 0.157475 0.011039 4624
256 85 2048 1 bls12-381  5527040  0.331934 0.019344  12.841369 0.151075 0.575996 0.000281 48.402586 0.189073  16.050271 0.188827 1.163011 0.000568 0.199979  85 2048 256 85 2048  5570560 8840 16777216  13.417365 0.189073 19040256 19040256  17.413260  85 0.151653 0.009270 8992
512 171 2048 1 bls12-381  11119104  0.380431 0.034387  25.899511 0.151459 0.970764 0.000474 118.888010 0.232203  39.579355 0.231458 5.112985 0.002497 1.161351  171 2048 512 171 2048  11206656 17784 33554432  26.870274 0.232203 42659840 42659840  45.853691  171 0.151578 0.009471 17936
1024 341 2048 1 bls12-381  22173184  0.332722 0.076906  51.696319 0.151602 2.131208 0.001041 324.676775 0.317067  108.163498 0.317195 21.971242 0.010728 7.386681  341 2048 1024 341 2048  22347776 35464 67108864  53.827527 0.317067 103424000 103424000  137.521421  341 0.151660 0.009972 35616
128 43 4096 1 bls12-381  5592064  0.559367 0.015310  11.669291 0.271379 0.617753 0.000151 36.883806 0.288155  12.301591 0.286084 0.601604 0.000147 0.040511  43 4096 128 43 4096  5636096 4472 16777216  12.287045 0.288155 17349632 17349632  12.943706  43 0.274183 0.012664 4624
256 85 4096 1 bls12-381  11054080  0.563304 0.032460  22.961587 0.270136 1.049436 0.000256 81.695650 0.319124  27.074643 0.318525 2.311034 0.000564 0.199927  85 4096 256 85 4096  11141120 8840 33554432  24.011023 0.319124 35817472 35817472  29.585604  85 0.278052 0.011216 8992
512 171 4096 1 bls12-381  22238208  0.559806 0.064185  47.391625 0.277144 2.078504 0.000507 179.072583 0.349751  59.784772 0.349619 10.214996 0.002494 1.156432  171 4096 512 171 4096  22413312 17784 67108864  49.470129 0.349751 76214272 76214272  71.156199  171 0.273791 0.012622 17936
1024 341 4096 1 bls12-381  44346368  0.560563 0.149667  92.860573 0.272318 4.013114 0.000980 458.910607 0.448155  152.028019 0.445830 42.814238 0.010453 7.395027  341 4096 1024 341 4096  44695552 35464 134217728  96.873687 0.448155 170532864 170532864  202.237284  341 0.277473 0.011404 35616
128 43 512 1 bn254  696256  0.065835 0.003472  1.180282 0.027448 0.084631 0.000165 5.451735 0.042592  1.817220 0.042261 0.076980 0.000150 0.040902  43 512 128 43 512  704512 3096 2097152  1.264913 0.042592 2493440 2493440  1.935102  43 0.031405 0.008752 3216
256 85 512 1 bn254  1376320  0.065489 0.006263  2.686857 0.031610 0.134979 0.000264 12.358257 0.048274  4.087079 0.048083 0.298993 0.000584 0.202681  85 512 256 85 512  1392640 6120 4194304  2.821836 0.048274 5761024 5761024  4.588752  85 0.032457 0.007972 6240
512 171 512 1 bn254  2768832  0.064967 0.009812  5.314067 0.031076 0.247869 0.000484 35.885775 0.070089  11.947008 0.069866 1.316059 0.002570 1.186069  171 512 512 171 512  2801664 12312 8388608  5.561937 0.070089 14692352 14692352  14.449136  171 0.032402 0.008107 12432
1024 341 512 1 bn254  5521472  0.065477 0.020860  10.594179 0.031068 0.507975 0.000992 115.526280 0.112819  38.428977 0.112695 5.363429 0.010475 7.571229  341 512 1024 341 512  5586944 24552 16777216  11.102154 0.112819 41918464 41918464  51.363635  341 0.032427 0.007962 24672
128 43 1024 1 bn254  1392512  0.109936 0.006535  1.813663 0.042178 0.164787 0.000161 7.259605 0.056716  2.403949 0.055906 0.154095 0.000150 0.040890  43 1024 128 43 1024  1409024 3096 4194304  1.978450 0.056716 4590592 4590592  2.598933  43 0.046422 0.007638 3216
256 85 1024 1 bn254  2752640  0.107780 0.009585  3.668781 0.043162 0.281486 0.000275 15.945552 0.062287  5.262692 0.061914 0.593055 0.000579 0.203173  85 1024 256 85 1024  2785280 6120 8388608  3.950267 0.062287 9955328 9955328  6.058920  85 0.046557 0.007885 6240
512 171 1024 1 bn254  5537664  0.109817 0.018472  8.332567 0.048728 0.506525 0.000495 44.462636 0.086841  14.601392 0.085388 2.656905 0.002595 1.182983  171 1024 512 171 1024  5603328 12312 16777216  8.839092 0.086841 23080960 23080960  18.441280  171 0.047916 0.008051 12432
1024 341 1024 1 bn254  11042944  0.105532 0.041050  15.564072 0.045642 1.019900 0.000996 131.748473 0.128661  43.731542 0.128245 11.351453 0.011085 7.563189  341 1024 1024 341 1024  11173888 24552 33554432  16.583972 0.128661 58695680 58695680  62.646184  341 0.047925 0.008029 24672
128 43 2048 1 bn254  2785024  0.177287 0.012108  3.275082 0.076165 0.335637 0.000164 11.402731 0.089084  3.825311 0.088961 0.308717 0.000151 0.040847  43 2048 128 43 2048  2818048 3096 8388608  3.610719 0.089084 8784896 8784896  4.174876  43 0.079507 0.006961 3216
256 85 2048 1 bn254  5505280  0.173500 0.019996  6.569464 0.077288 0.561505 0.000274 24.365052 0.095176  8.094361 0.095228 1.188353 0.000580 0.202569  85 2048 256 85 2048  5570560 6120 16777216  7.130969 0.095176 18343936 18343936  9.485284  85 0.079342 0.007139 6240
512 171 2048 1 bn254  11075328  0.176643 0.037796  13.389308 0.078300 1.125505 0.000550 59.812373 0.116821  19.983043 0.116860 5.260596 0.002569 1.180427  171 2048 512 171 2048  11206656 12312 33554432  14.514813 0.116821 39858176 39858176  26.424066  171 0.079284 0.007052 12432
1024 341 2048 1 bn254  22085888  0.183331 0.086655  26.601986 0.078012 2.048922 0.001000 166.774646 0.162866  55.263127 0.162062 22.730144 0.011099 7.545273  341 2048 1024 341 2048  22347776 24552 67108864  28.650908 0.162866 92250112 92250112  85.538544  341 0.081243 0.008112 24672
128 43 4096 1 bn254  5570048  0.299484 0.021679  6.085327 0.141519 0.645936 0.000158 19.597432 0.153105  6.540018 0.152093 0.617190 0.000151 0.040531  43 4096 128 43 4096  5636096 3096 16777216  6.731263 0.153105 17173504 17173504  7.197739  43 0.142953 0.007416 3216
256 85 4096 1 bn254  11010560  0.299536 0.036999  11.619489 0.136700 1.060228 0.000259 41.596279 0.162485  13.754949 0.161823 2.374871 0.000580 0.202059  85 4096 256 85 4096  11141120 6120 33554432  12.679717 0.162485 35121152 35121152  16.331880  85 0.144140 0.007788 6240
512 171 4096 1 bn254  22150656  0.298029 0.074855  25.057868 0.146537 2.234359 0.000545 90.926529 0.177591  30.300880 0.177198 10.620404 0.002593 1.186198  171 4096 512 171 4096  22413312 12312 67108864  27.292227 0.177591 73412608 73412608  42.107482  171 0.143161 0.007382 12432
1024 341 4096 1 bn254  44171776  0.297570 0.170305  51.261798 0.150328 4.178512 0.001020 225.701186 0.220411  75.269333 0.220731 43.411967 0.010599 7.557731  341 4096 1024 341 4096  44695552 24552 134217728  55.440310 0.220411 159358976 159358976  126.239031  341 0.144692 0.007871 24672
